[200~L|L|202102|ACAC|12|21|1|100|0|100|0|100|0|0|0|0|0.0|-0.01|0|0.0|0.0343|100|0.0343|0|0.0|0.0
L|L|202102|ACIU|12|21|1|200|0|200|0|200|0|0|0|0|0.0|0.15|0|0.0|0.0456|200|0.0456|0|0.0|0.0
L|L|202102|AFIN|12|22|1|500|0|500|0|500|0|0|0|0|0.0|0.01|0|0.0|1.4218|500|1.4218|0|0.0|0.0
L|L|202102|AGMH|12|22|1|1000|5|995|0|995|0|0|0|0|0.0|-0.45|0|0.0|1.8449|995|1.8449|0|0.0|0.0
L|L|202102|ATRI|12|21|34|3600|2989|611|0|413|24|8|159|7|2.0965|3.055|0|0.0|74.9266|364|16.3221|247|-2.0965|58.6045
L|L|202102|AZYO|12|21|2|400|0|400|0|400|0|0|0|0|0.0|-0.3967|0|0.0|0.8199|400|0.8199|0|0.0|0.0
L|L|202102|AZYO|12|22|1|500|200|300|0|300|0|0|0|0|0.0|-0.4|0|0.0|0.0002|300|0.0002|0|0.0|0.0
L|L|202102|BACpL|12|21|2|600|550|50|0|50|0|0|0|0|0.0|0.655|0|0.0|0.0008|50|0.0008|0|0.0|0.0
L|L|202102|BACpL|12|22|2|2800|2699|101|0|0|100|1|0|0|0.0|-2.53|0|0.0|33.9202|101|33.9202|0|0.0|0.0
L|L|202102|BCYC|12|21|1|400|81|319|0|319|0|0|0|0|0.0|0.52|0|0.0|0.0394|319|0.0394|0|0.0|0.0
L|L|202102|BHRpB|12|21|3|800|500|300|0|260|0|40|0|0|0.0|0.09|0|0.0|14.4598|300|14.4598|0|0.0|0.0
L|L|202102|BKLN|12|21|4|400|176|224|0|100|0|0|0|0|-0.0825|-0.165|124|-0.0026|522340.0833|100|0.0002|124|0.0825|522340.0833
L|L|202102|BKNG|12|21|22|3700|2469|1231|0|1049|1|0|0|116|-5.3605|-6.6209|4|0.12|587.8688|1027|0.9081|204|5.3605|586.9607
L|L|202102|BSY|12|21|10|1600|600|1000|0|600|0|0|0|100|0.237|0.765|200|0.0105|17693.4666|600|1.1137|400|-0.237|17692.3529
L|L|202102|CABO|12|21|129|15000|11712|3288|0|2108|539|313|307|8|2.7553|2.0884|0|0.0|39.4609|1759|3.4776|1529|-2.7553|35.9833
L|L|202102|CACC|12|21|1|200|0|200|0|200|0|0|0|0|0.0|1.27|0|0.0|0.0367|200|0.0367|0|0.0|0.0
L|L|202102|CALB|12|21|1|600|-11|611|0|611|0|0|0|0|0.0|0.045|0|0.0|2.6971|611|2.6971|0|0.0|0.0
L|L|202102|CALB|12|22|2|1500|489|1011|0|988|0|0|23|0|-0.01|0.43|0|0.0|24.213|988|1.2641|23|0.01|22.9489
L|L|202102|CCCC|12|21|11|1300|200|1100|0|300|0|0|200|500|-0.2745|-0.4427|100|0.0004|8447.4048|300|0.0092|800|0.2745|8447.3956
L|L|202102|CCIV|12|21|12|2300|1800|500|0|500|0|0|0|0|0.0|0.0842|0|0.0|0.1223|500|0.1223|0|0.0|0.0
L|L|202102|CDAK|12|21|32|5700|2571|3129|0|418|100|200|300|400|0.6276|1.2858|2211|0.0066|418550.3888|418|0.1611|2711|-0.6276|418550.2277
L|L|202102|CDAK|12|22|6|3600|2500|1100|0|600|0|0|100|300|-0.3533|-0.5867|0|0.0|974.4816|600|0.3567|500|0.3533|974.1249
L|L|202102|CIZN|12|21|5|1800|-506|2306|0|2226|0|0|0|0|0.0|-0.465|0|0.0|12080.9168|2306|12080.9168|0|0.0|0.0
L|L|202102|CIZN|12|22|1|500|0|500|0|500|0|0|0|0|0.0|-0.45|0|0.0|2.1812|500|2.1812|0|0.0|0.0
L|L|202102|CMG|12|21|1|100|0|100|0|100|0|0|0|0|0.0|-4.67|0|0.0|0.0458|100|0.0458|0|0.0|0.0
L|L|202102|COE|12|21|1|100|0|100|0|0|0|0|100|0|0.0|0.46|0|0.0|160.08|100|160.08|0|0.0|0.0
L|L|202102|COFS|12|21|13|2800|1789|1011|0|998|0|0|2|11|0.0|-0.1854|0|0.0|88.3374|1011|88.3374|0|0.0|0.0
L|L|202102|CSGP|12|21|16|2300|1303|997|0|985|10|0|0|0|-1.1169|-2.2588|2|-0.5653|15048.2955|975|3.0613|22|1.1169|15045.2343
L|L|202102|D|12|21|1|100|0|100|0|100|0|0|0|0|0.0|-0.01|0|0.0|0.0008|100|0.0008|0|0.0|0.0
L|L|202102|DIG|12|22|1|1000|995|5|0|0|0|0|0|0|7.55|18.81|5|1.51|604925.359|0|0.0|5|-7.55|604925.359
L|L|202102|DJCO|12|21|2|200|183|17|0|1|16|0|0|0|0.825|1.75|0|0.0|7.3034|16|6.1821|1|-0.825|1.1213
L|L|202102|DVN|12|21|1|100|0|100|0|100|0|0|0|0|0.0|-0.01|0|0.0|0.0003|100|0.0003|0|0.0|0.0
L|L|202102|EVER|12|21|1|100|0|100|0|100|0|0|0|0|0.0|-0.08|0|0.0|0.0003|100|0.0003|0|0.0|0.0
L|L|202102|EXPR|12|21|1|100|0|100|0|100|0|0|0|0|0.0|0.01|0|0.0|0.0015|100|0.0015|0|0.0|0.0
L|L|202102|FCNCA|12|21|8|1000|685|315|0|283|26|6|0|0|0.0|-3.105|0|0.0|15.8729|315|15.8729|0|0.0|0.0
L|L|202102|FCNCP|12|22|0|1100|-62|1162|0|1162|0|0|0|0|0.0|0.15|0|0.0|1.3316|1162|1.3316|0|0.0|0.0
L|L|202102|FEMB|12|21|1|200|0|200|0|200|0|0|0|0|0.0|0.13|0|0.0|2.2723|200|2.2723|0|0.0|0.0
L|L|202102|FPE|12|21|1|100|0|100|0|100|0|0|0|0|0.0|0.0|0|0.0|0.0|100|0.0005|0|0.0|0.0
L|L|202102|GFED|12|21|2|400|100|300|0|300|0|0|0|0|0.0|-1.38|0|0.0|0.0246|300|0.0246|0|0.0|0.0
L|L|202102|GHC|12|21|15|1500|830|670|0|470|0|0|100|0|-0.306|0.9793|0|0.0|5.9325|534|5.9296|136|0.306|0.0029
L|L|202102|GLTO|12|21|6|700|274|426|0|426|0|0|0|0|0.0|-0.2067|0|0.0|0.2723|426|0.2723|0|0.0|0.0
L|L|202102|GLTO|12|22|2|2100|1072|1028|0|1028|0|0|0|0|0.0|-0.405|0|0.0|1.8073|1028|1.8073|0|0.0|0.0
L|L|202102|GXGXU|12|21|2|1000|-94|1094|0|694|0|0|0|0|0.0|-0.8267|0|0.0|31616.6447|1094|31616.6447|0|0.0|0.0
L|L|202102|HLG|12|21|13|2800|779|2021|0|1215|1|0|100|300|0.0764|0.9507|222|-0.0001|7065.1335|1316|7.8748|705|-0.0764|7057.2587
L|L|202102|HLG|12|22|5|3300|2291|1009|0|549|0|0|0|0|0.064|2.752|100|0.0016|156908.2766|649|987.9083|360|-0.064|155920.3683
L|L|202102|HMCOU|12|21|2|600|-90|690|0|690|0|0|0|0|0.0|-0.0467|0|0.0|1.7329|690|1.7329|0|0.0|0.0
L|L|202102|HMCOU|12|22|2|1000|316|684|0|684|0|0|0|0|0.0|-0.06|0|0.0|2.6515|684|2.6515|0|0.0|0.0
L|L|202102|HMCOU|12|23|3|10900|800|10100|0|10100|0|0|0|0|0.0|-0.1725|0|0.0|1.3038|10100|1.3038|0|0.0|0.0
L|L|202102|HSAQ|12|21|1|300|-5|305|0|200|0|0|0|0|0.15|0.305|0|0.0|1115.3212|200|0.872|105|-0.15|1114.4492
L|L|202102|HSAQ|12|22|10|7500|3389|4111|0|3436|0|0|80|0|0.145|0.458|595|0.0006|203904.5958|2560|1.1413|1551|-0.145|203903.4544
L|L|202102|IGIC|12|21|1|300|100|200|0|200|0|0|0|0|0.0|-0.48|0|0.0|2.3903|200|2.3903|0|0.0|0.0
L|L|202102|IO|12|21|1|100|0|100|0|100|0|0|0|0|0.0|-0.03|0|0.0|0.0727|100|0.0727|0|0.0|0.0
L|L|202102|ITACU|12|21|3|1200|779|421|0|401|0|0|20|0|0.04|0.09|20|0.002|57.9791|401|0.1399|20|-0.04|57.8393
L|L|202102|ITACU|12|22|2|2100|165|1935|0|1935|0|0|0|0|0.0|-0.28|0|0.0|1.522|1935|1.522|0|0.0|0.0
L|L|202102|IYW|12|23|1|2200|2177|23|0|0|0|0|0|0|2.07|4.77|23|0.09|948807.6184|0|0.0|23|-2.07|948807.6184
L|L|202102|JSM|12|22|1|1400|38|1362|0|1362|0|0|0|0|0.0|-0.56|0|0.0|1.4533|1362|1.4533|0|0.0|0.0
L|L|202102|JSM|12|23|1|3200|800|2400|0|2400|0|0|0|0|0.0|0.23|0|0.0|1.7884|2400|1.7884|0|0.0|0.0
L|L|202102|KSMTU|12|21|6|1100|-3900|5000|0|5000|0|0|0|0|-0.0022|0.0089|0|0.0|0.5107|2200|0.5107|2800|0.0022|0.0
L|L|202102|KSMTU|12|22|5|3300|1473|1827|0|1127|0|0|0|700|0.012|-0.194|627|-0.0|471.3513|500|0.0003|1327|-0.012|471.351
L|L|202102|KSMTU|12|23|7|25400|19900|5500|0|5000|0|0|200|300|0.0071|-0.1414|0|0.0|24.03|5200|24.03|300|-0.0071|115.0319
L|L|202102|KYMR|12|21|4|500|100|400|0|300|0|0|100|0|0.125|0.47|200|0.0013|65.1237|200|1.3613|200|-0.125|63.7625
L|L|202102|LIXTW|12|23|1|2200|2100|100|0|100|0|0|0|0|0.0|0.01|0|0.0|0.0001|100|0.0001|0|0.0|0.0
L|L|202102|LMBS|12|21|5|600|260|340|0|340|0|0|0|0|0.0|-0.004|0|0.0|0.0027|340|0.0093|0|0.0|0.0
L|L|202102|LRMR|12|21|1|200|105|95|0|95|0|0|0|0|0.0|0.77|0|0.0|0.0002|95|0.0002|0|0.0|0.0
L|L|202102|LRMR|12|22|1|500|300|200|0|200|0|0|0|0|0.0|-0.81|0|0.0|0.0022|200|0.0022|0|0.0|0.0
L|L|202102|LUXAU|12|21|4|1200|300|900|0|800|0|0|0|0|0.088|0.156|0|0.0|68727.6387|800|0.5136|100|-0.088|68727.125
L|L|202102|LUXAU|12|22|1|600|550|50|0|50|0|0|0|0|0.0|0.16|0|0.0|4.3761|50|4.3761|0|0.0|0.0
L|L|202102|LUXAU|12|23|1|3500|3400|100|0|100|0|0|0|0|0.0|-0.67|0|0.0|0.0002|100|0.0002|0|0.0|0.0
L|L|202102|MBB|12|21|3|300|0|300|0|200|0|0|0|0|-0.15|-0.29|0|0.0|201310.6608|200|0.0094|100|0.15|201310.6514
L|L|202102|MELI|12|21|7|800|388|412|0|412|0|0|0|0|0.0|-0.7614|0|0.0|0.8635|412|0.8635|0|0.0|0.0
L|L|202102|MKL|12|21|10|2400|2141|259|0|259|0|0|0|0|0.0|0.256|0|0.0|0.0049|259|0.0049|0|0.0|0.0
L|L|202102|MKL|12|22|29|24100|23462|638|0|614|22|0|0|0|-0.3052|0.0107|0|0.0|64.2107|636|1.0838|2|0.3052|63.1269
L|L|202102|MKL|12|23|3|7100|6989|111|0|110|0|0|0|1|0.0|0.47|0|0.0|103.3157|111|103.3157|0|0.0|0.0
L|L|202102|MLAB|12|21|1|100|26|74|0|74|0|0|0|0|0.0|-2.19|0|0.0|0.0429|74|0.0429|0|0.0|0.0
L|L|202102|MSTR|12|21|6|600|108|492|0|492|0|0|0|0|0.0|-2.965|0|0.0|0.1031|492|0.1031|0|0.0|0.0
L|L|202102|MTD|12|21|1|100|88|12|0|12|0|0|0|0|0.02|-9.48|0|0.0|0.0001|0|0.0|12|-0.02|0.0001
L|L|202102|MVBF|12|21|1|100|0|100|0|0|0|100|0|0|0.0|-0.27|0|0.0|53.4473|100|53.4473|0|0.0|0.0
L|L|202102|MVBF|12|22|3|2400|1468|932|0|632|0|0|0|0|-0.5033|-0.61|0|0.0|81242.2684|632|0.7118|300|0.5033|81241.5566
L|L|202102|MYFW|12|21|1|800|270|530|0|430|0|0|0|0|0.385|0.49|0|0.0|822473.4795|430|1.0201|100|-0.385|822472.4594
L|L|202102|NC|12|21|1|100|0|100|0|100|0|0|0|0|0.0|-0.29|0|0.0|0.0607|100|0.0607|0|0.0|0.0
L|L|202102|NEU|12|21|7|900|773|127|0|107|6|4|8|2|0.6743|0.76|0|0.0|74.0307|125|20.8891|2|-0.6743|53.1416
L|L|202102|NIO|12|21|1|200|-100|300|0|300|0|0|0|0|0.0|-0.01|0|0.0|0.0012|300|0.0012|0|0.0|0.0
L|L|202102|NVR|12|21|2|500|480|20|0|0|0|10|0|0|-34.545|-97.57|10|-3.4545|164990.5778|10|22.9107|10|34.545|164967.6671
L|L|202102|NVR|12|22|1|900|895|5|0|5|0|0|0|0|0.0|-35.0|0|0.0|0.0002|5|0.0002|0|0.0|0.0
L|L|202102|PAEWW|12|23|1|2600|100|2500|0|2500|0|0|0|0|0.0|-0.07|0|0.0|1.4757|2500|1.4757|0|0.0|0.0
L|L|202102|PFE|12|24|1|19100|9100|10000|0|10000|0|0|0|0|0.0|-0.01|0|0.0|0.0012|10000|0.0012|0|0.0|0.0
L|L|202102|PLUG|12|21|1|100|0|100|0|100|0|0|0|0|0.0|-0.01|0|0.0|0.0542|100|0.0542|0|0.0|0.0
L|L|202102|PNRG|12|21|5|600|461|139|0|35|0|0|100|4|0.0|-5.69|0|0.0|94.4133|139|94.4133|0|0.0|0.0
L|L|202102|PSACW|12|21|2|200|0|200|0|200|0|0|0|0|-0.005|0.02|0|0.0|0.0024|100|0.0023|100|0.005|0.0001
L|L|202102|RAND|12|21|7|2000|705|1295|0|957|0|0|238|0|0.0614|0.0314|0|0.0|33.0827|1057|3.6651|238|-0.0614|29.4175
L|L|202102|RAND|12|22|9|7400|3384|4016|0|2899|0|0|0|0|0.095|-0.332|0|0.0|79822.2185|3099|185.7269|917|-0.095|79636.4916
L|L|202102|RNLX|12|21|3|800|689|111|0|110|0|0|0|0|0.0|0.76|0|0.0|3.1804|111|3.1804|0|0.0|0.0
L|L|202102|RVMD|12|21|4|400|100|300|0|200|0|0|100|0|-0.0425|0.0925|0|0.0|40.5693|99|1.1144|201|0.0425|39.4549
L|L|202102|SAL|12|21|3|900|489|411|0|300|16|0|95|0|-0.6167|0.0067|0|0.0|64.7982|316|6.8165|95|0.6167|57.9817
L|L|202102|SAL|12|22|3|3100|1824|1276|0|1181|0|0|0|0|0.6433|1.0633|0|0.0|2784.9429|1181|0.9924|95|-0.6433|2783.9505
L|L|202102|SAM|12|21|5|500|227|273|0|273|0|0|0|0|0.0|-3.486|0|0.0|0.8804|273|0.8804|0|0.0|0.0
L|L|202102|SAM|12|22|1|500|498|2|0|0|2|0|0|0|0.0|4.33|0|0.0|13.2878|2|13.2878|0|0.0|0.0
L|L|202102|SAVE|12|21|1|100|49|51|0|51|0|0|0|0|0.0|0.01|0|0.0|0.0007|51|0.0007|0|0.0|0.0
L|L|202102|SLMBP|12|21|3|1200|79|1121|0|1121|0|0|0|0|0.0|-1.2025|0|0.0|2.2568|1121|2.2568|0|0.0|0.0
L|L|202102|SLMBP|12|22|2|2800|2193|607|0|607|0|0|0|0|0.0|-1.1|0|0.0|1.1803|607|1.1803|0|0.0|0.0
L|L|202102|SMBK|12|21|1|800|-299|1099|0|1099|0|0|0|0|0.0|0.05|0|0.0|0.6238|1099|0.6238|0|0.0|0.0
L|L|202102|SMBK|12|22|1|900|100|800|0|800|0|0|0|0|0.0|-0.16|0|0.0|0.2608|800|0.2608|0|0.0|0.0
L|L|202102|SNPR|12|21|1|400|0|400|0|400|0|0|0|0|0.0|0.01|0|0.0|1.6194|400|1.6194|0|0.0|0.0
L|L|202102|SPRB|12|21|79|11900|8060|3840|0|3151|394|34|200|59|0.057|-0.1454|0|0.0|18.3978|1923|2.4592|1917|-0.057|15.9386
L|L|202102|SPRB|12|22|14|8700|5302|3398|0|2307|0|0|0|1041|0.0664|-0.0643|0|0.0|567.2452|2307|0.4049|1091|-0.0664|566.8403
L|L|202102|SSPK|12|22|0|1200|-56|1256|0|1256|0|0|0|0|0.0|-0.01|0|0.0|0.0549|1256|0.0549|0|0.0|0.0
L|L|202102|THRY|12|21|4|600|246|354|0|200|0|0|112|0|0.015|0.3975|51|0.0003|98.0623|303|41.1196|51|-0.015|56.9428
L|L|202102|THRY|12|22|6|4200|1980|2220|0|1938|0|0|0|100|-0.1683|-0.16|100|0.0001|173654.5891|1938|0.9594|282|0.1683|173653.6297
L|L|202102|TIG|12|22|0|900|-81|981|0|981|0|0|0|0|0.0|0.25|0|0.0|1.0279|981|1.0279|0|0.0|0.0
L|L|202102|TPL|12|21|155|20400|13907|6493|0|5307|358|327|452|46|1.3866|5.2677|0|0.0|41.0089|5125|25.7874|1368|-1.3866|15.2215
L|L|202102|TPL|12|22|6|3100|3073|27|0|7|1|11|6|2|8.37|13.5067|0|0.0|133.5367|8|48.9989|19|-8.37|84.5377
L|L|202102|TRTNpC|12|21|1|100|45|55|0|0|0|0|0|0|0.0|-0.08|0|0.0|59.578|55|59.578|0|0.0|0.0
L|L|202102|TVACU|12|22|1|1300|140|1160|0|1160|0|0|0|0|0.0|-0.19|0|0.0|1.5604|1160|1.5604|0|0.0|0.0
L|L|202102|TVACU|12|23|2|8200|2800|5400|0|5400|0|0|0|0|0.0|-0.135|0|0.0|0.7822|5400|0.7822|0|0.0|0.0
L|L|202102|TVACU|12|24|3|20000|12400|7600|0|7600|0|0|0|0|0.0|-0.1533|0|0.0|1.7499|7600|1.7499|0|0.0|0.0
L|L|202102|UHAL|12|21|2|200|95|105|0|105|0|0|0|0|0.0|0.43|0|0.0|5.348|105|5.348|0|0.0|0.0
L|L|202102|UPRO|12|21|1|100|0|100|0|100|0|0|0|0|0.0|-0.01|0|0.0|0.0099|100|0.0099|0|0.0|0.0
L|L|202102|USBpA|12|21|3|300|244|56|0|0|35|0|10|11|1.1267|-5.98|0|0.0|371.0351|0|0.0|56|-1.1267|371.0351
L|L|202102|USLM|12|21|2|200|171|29|0|11|18|0|0|0|0.0|3.83|0|0.0|12.6624|29|12.6624|0|0.0|0.0
L|L|202102|VACQU|12|22|2|1000|500|500|0|300|0|0|0|0|0.15|0.23|0|0.0|258033.6447|300|0.826|200|-0.15|258032.8187
L|L|202102|VRME|12|21|1|200|100|100|0|0|0|100|0|0|0.0|-0.05|0|0.0|35.6778|100|35.6778|0|0.0|0.0
L|L|202102|VSPRU|12|21|4|1200|-1495|2695|0|995|100|0|400|0|-0.0087|0.0675|1100|0.0002|139169.3491|400|1.3056|2295|0.0087|139168.0435
L|L|202102|VSPRU|12|23|1|3900|2595|1305|0|1305|0|0|0|0|0.0|-0.03|0|0.0|0.0002|1305|0.0002|0|0.0|0.0
L|L|202102|VSPRU|12|24|1|5200|3400|1800|0|1800|0|0|0|0|0.0|-0.13|0|0.0|2.0017|1800|2.0017|0|0.0|0.0
L|L|202102|VTRU|12|21|40|5100|1592|3508|0|1990|210|310|311|290|-0.0868|0.1248|100|0.0001|3510.0979|1790|0.1358|1718|0.0868|3509.9621
L|L|202102|VTRU|12|22|11|10100|2655|7445|0|6845|0|0|600|0|-0.06|-0.0082|0|0.0|7.8627|6845|1.2525|600|0.06|6.6102
L|L|202102|WFCpL|12|21|2|200|75|125|0|0|0|0|0|100|-0.685|5.975|25|0.0374|6195.9328|0|0.0|125|0.685|6195.9328
L|L|202102|WFCpO|12|21|1|100|51|49|0|0|0|0|0|49|0.0|0.03|0|0.0|734.4793|49|734.4793|0|0.0|0.0
L|L|202102|WHLRP|12|21|1|100|0|100|0|0|0|0|0|0|-0.36|0.1|0|0.0|449615.5091|0|0.0|100|0.36|449615.5091
L|L|202102|WMB|12|22|1|1300|0|1300|0|1300|0|0|0|0|0.0|0.0|0|0.0|0.0|1300|0.0221|0|0.0|0.0
L|L|202102|WSTG|12|21|2|300|-236|536|0|536|0|0|0|0|0.0|-0.3833|0|0.0|1.0|536|1.0|0|0.0|0.0
L|L|202102|WSTG|12|22|4|3000|1140|1860|0|1400|0|0|160|300|0.1075|-0.19|160|-0.0|234.0991|1400|0.865|460|-0.1075|233.2341
L|L|202102|WTM|12|21|109|12900|10308|2592|0|1765|287|255|121|141|5.5141|5.6897|0|0.0|53.9534|1040|14.4386|1552|-5.5141|39.5148
L|L|202102|XBI|12|21|1|100|0|100|0|100|0|0|0|0|0.0|0.0|0|0.0|0.0|100|0.001|0|0.0|0.0
L|L|202102|Y|12|21|1|100|93|7|0|7|0|0|0|0|0.0|0.73|0|0.0|1.7091|7|1.7091|0|0.0|0.0
